function [clrs] = speclrs(N)
spectrum = [0.1127	0.0000	0.3515
            0.1276	0.0000	0.3898
            0.1424	0.0000	0.4280
            0.1573	0.0000	0.4663
            0.1722	0.0000	0.5046
            0.1870	0.0000	0.5428
            0.2019	0.0000	0.5811
            0.2168	0.0000	0.6194
            0.2316	0.0000	0.6577
            0.2462	0.0000	0.6977
            0.2606	0.0000	0.7383
            0.2750	0.0000	0.7788
            0.2894	0.0000	0.8194
            0.3038	0.0000	0.8600
            0.3183	0.0000	0.9005
            0.3327	0.0000	0.9411
            0.3471	0.0000	0.9817
            0.3584	0.0000	1.0000
            0.3671	0.0000	1.0000
            0.3759	0.0000	1.0000
            0.3846	0.0000	1.0000
            0.3934	0.0000	1.0000
            0.4021	0.0000	1.0000
            0.4108	0.0000	1.0000
            0.4196	0.0000	1.0000
            0.4260	0.0000	1.0000
            0.4276	0.0000	1.0000
            0.4291	0.0000	1.0000
            0.4307	0.0000	1.0000
            0.4323	0.0000	1.0000
            0.4338	0.0000	1.0000
            0.4354	0.0000	1.0000
            0.4370	0.0000	1.0000
            0.4378	0.0000	1.0000
            0.4318	0.0000	1.0000
            0.4258	0.0000	1.0000
            0.4197	0.0000	1.0000
            0.4137	0.0000	1.0000
            0.4077	0.0000	1.0000
            0.4016	0.0000	1.0000
            0.3956	0.0000	1.0000
            0.3896	0.0000	1.0000
            0.3696	0.0000	1.0000
            0.3475	0.0000	1.0000
            0.3255	0.0000	1.0000
            0.3034	0.0000	1.0000
            0.2814	0.0000	1.0000
            0.2593	0.0000	1.0000
            0.2373	0.0000	1.0000
            0.2152	0.0000	1.0000
            0.1911	0.0000	1.0000
            0.1659	0.0000	1.0000
            0.1407	0.0000	1.0000
            0.1155	0.0000	1.0000
            0.0903	0.0000	1.0000
            0.0651	0.0000	1.0000
            0.0399	0.0000	1.0000
            0.0146	0.0000	1.0000
            0.0000	0.0210	1.0000
            0.0000	0.0712	1.0000
            0.0000	0.1213	1.0000
            0.0000	0.1714	1.0000
            0.0000	0.2216	1.0000
            0.0000	0.2717	1.0000
            0.0000	0.3218	1.0000
            0.0000	0.3720	1.0000
            0.0000	0.4173	1.0000
            0.0000	0.4427	1.0000
            0.0000	0.4680	1.0000
            0.0000	0.4934	1.0000
            0.0000	0.5187	1.0000
            0.0000	0.5441	1.0000
            0.0000	0.5695	1.0000
            0.0000	0.5948	1.0000
            0.0000	0.6202	1.0000
            0.0000	0.6370	0.9873
            0.0000	0.6536	0.9742
            0.0000	0.6702	0.9611
            0.0000	0.6867	0.9480
            0.0000	0.7033	0.9348
            0.0000	0.7199	0.9217
            0.0000	0.7365	0.9086
            0.0000	0.7530	0.8955
            0.0000	0.7665	0.8719
            0.0000	0.7789	0.8447
            0.0000	0.7912	0.8174
            0.0000	0.8036	0.7902
            0.0000	0.8160	0.7630
            0.0000	0.8284	0.7357
            0.0000	0.8407	0.7085
            0.0000	0.8531	0.6813
            0.0000	0.8657	0.6546
            0.0000	0.8785	0.6284
            0.0000	0.8912	0.6022
            0.0000	0.9040	0.5760
            0.0000	0.9168	0.5498
            0.0000	0.9296	0.5236
            0.0000	0.9424	0.4974
            0.0000	0.9551	0.4712
            0.0000	0.9655	0.4423
            0.0000	0.9698	0.4067
            0.0000	0.9742	0.3712
            0.0000	0.9785	0.3357
            0.0000	0.9829	0.3001
            0.0000	0.9872	0.2646
            0.0000	0.9916	0.2291
            0.0000	0.9959	0.1935
            0.0000	1.0000	0.1590
            0.0000	1.0000	0.1396
            0.0000	1.0000	0.1201
            0.0000	1.0000	0.1006
            0.0000	1.0000	0.0811
            0.0000	1.0000	0.0616
            0.0000	1.0000	0.0421
            0.0000	1.0000	0.0226
            0.0000	1.0000	0.0031
            0.0000	1.0000	0.0000
            0.0000	1.0000	0.0000
            0.0000	1.0000	0.0000
            0.0000	1.0000	0.0000
            0.0000	1.0000	0.0000
            0.0000	1.0000	0.0000
            0.0000	1.0000	0.0000
            0.0000	1.0000	0.0000
            0.0000	1.0000	0.0000
            0.0000	1.0000	0.0000
            0.0000	1.0000	0.0000
            0.0000	1.0000	0.0000
            0.0000	1.0000	0.0000
            0.0000	1.0000	0.0000
            0.0000	1.0000	0.0000
            0.0000	1.0000	0.0000
            0.0000	1.0000	0.0000
            0.0000	1.0000	0.0000
            0.0000	1.0000	0.0000
            0.0000	1.0000	0.0000
            0.0000	1.0000	0.0000
            0.0000	1.0000	0.0000
            0.0000	1.0000	0.0000
            0.0000	1.0000	0.0000
            0.0092	1.0000	0.0000
            0.0660	1.0000	0.0000
            0.1228	1.0000	0.0000
            0.1796	1.0000	0.0000
            0.2364	1.0000	0.0000
            0.2932	1.0000	0.0000
            0.3500	1.0000	0.0000
            0.4068	1.0000	0.0000
            0.4636	1.0000	0.0000
            0.5090	1.0000	0.0000
            0.5536	1.0000	0.0000
            0.5982	1.0000	0.0000
            0.6428	1.0000	0.0000
            0.6874	1.0000	0.0000
            0.7320	1.0000	0.0000
            0.7766	1.0000	0.0000
            0.8212	1.0000	0.0000
            0.8484	0.9992	0.0000
            0.8686	0.9982	0.0000
            0.8887	0.9971	0.0000
            0.9089	0.9961	0.0000
            0.9291	0.9950	0.0000
            0.9493	0.9940	0.0000
            0.9694	0.9929	0.0000
            0.9896	0.9918	0.0000
            1.0000	0.9840	0.0000
            1.0000	0.9691	0.0000
            1.0000	0.9541	0.0000
            1.0000	0.9391	0.0000
            1.0000	0.9241	0.0000
            1.0000	0.9091	0.0000
            1.0000	0.8941	0.0000
            1.0000	0.8791	0.0000
            1.0000	0.8635	0.0000
            1.0000	0.8460	0.0000
            1.0000	0.8284	0.0000
            1.0000	0.8109	0.0000
            1.0000	0.7934	0.0000
            1.0000	0.7759	0.0000
            1.0000	0.7584	0.0000
            1.0000	0.7409	0.0000
            1.0000	0.7232	0.0000
            1.0000	0.7022	0.0000
            1.0000	0.6811	0.0000
            1.0000	0.6600	0.0000
            1.0000	0.6389	0.0000
            1.0000	0.6179	0.0000
            1.0000	0.5968	0.0000
            1.0000	0.5757	0.0000
            1.0000	0.5547	0.0000
            1.0000	0.5294	0.0000
            1.0000	0.5032	0.0000
            1.0000	0.4769	0.0000
            1.0000	0.4506	0.0000
            1.0000	0.4244	0.0000
            1.0000	0.3981	0.0000
            1.0000	0.3719	0.0000
            1.0000	0.3456	0.0000
            1.0000	0.3110	0.0000
            1.0000	0.2703	0.0000
            1.0000	0.2296	0.0000
            1.0000	0.1890	0.0000
            1.0000	0.1483	0.0000
            1.0000	0.1076	0.0000
            1.0000	0.0669	0.0000
            1.0000	0.0262	0.0000
            1.0000	0.0000	0.0000
            1.0000	0.0000	0.0000
            1.0000	0.0000	0.0000
            1.0000	0.0000	0.0000
            1.0000	0.0000	0.0000
            1.0000	0.0000	0.0000
            1.0000	0.0000	0.0000
            1.0000	0.0000	0.0000
            1.0000	0.0000	0.0000
            1.0000	0.0000	0.0000
            1.0000	0.0000	0.0000
            1.0000	0.0000	0.0000
            1.0000	0.0000	0.0000
            1.0000	0.0000	0.0000
            1.0000	0.0000	0.0000
            1.0000	0.0000	0.0000
            1.0000	0.0000	0.0000
            1.0000	0.0000	0.0000
            1.0000	0.0000	0.0000
            1.0000	0.0000	0.0000
            1.0000	0.0000	0.0000
            1.0000	0.0000	0.0000
            1.0000	0.0000	0.0000
            1.0000	0.0000	0.0000
            1.0000	0.0000	0.0000
            0.9920	0.0000	0.0000
            0.9803	0.0000	0.0000
            0.9685	0.0000	0.0000
            0.9568	0.0000	0.0000
            0.9450	0.0000	0.0000
            0.9333	0.0000	0.0000
            0.9215	0.0000	0.0000
            0.9097	0.0000	0.0000
            0.8944	0.0000	0.0000
            0.8747	0.0000	0.0000
